61.0775878954 99.3199319932
60.7487666813 98.3598359836
60.542779945 97.3697369737
60.1887319399 96.1896189619
59.9004613368 95.1195119512
59.6605224375 93.9193919392
59.4621081698 92.6692669267
59.3344848237 91.4291429143
59.2159705707 90.0090009001
59.0188437261 88.6388638864
59.1008950359 87.098709871
59.0329703296 85.8885888589
59.0073554045 84.5384538454
59.0669660105 83.3183318332
59.2960459132 81.9681968197
59.2146374601 80.7180718072
59.2186343799 79.7379737974
59.2457841925 78.597859786
59.2812898859 77.5777577758
59.5993537786 76.3776377638
