139.632532615 99.3199319932
138.357066188 98.3598359836
137.118333531 97.3697369737
135.019184776 96.1896189619
133.185761644 95.1195119512
131.311219865 93.9193919392
128.948061216 92.6692669267
126.864173224 91.4291429143
124.701576685 90.0090009001
122.724467677 88.6388638864
120.660584015 87.098709871
118.909699105 85.8885888589
117.164640094 84.5384538454
115.376228404 83.3183318332
113.693534093 81.9681968197
112.525090671 80.7180718072
111.425434571 79.7379737974
109.579973044 78.597859786
108.545266975 77.5777577758
107.34363335 76.3776377638
